6093 8517 7775 4753 4201 5303 9151 8832 4244 8989 
9941 1694 4002 6902 9830 9612 8183 7538 6757 3202 
9429 3038 6677 4822 5973 5199 1489 4486 9305 9932 
1345 4004 4305 5469 9840 6630 9276 2271 1893 8441 
4763 1958 7265 5988 3658 8590 2576 1801 3760 5612 
2516 1799 7846 5330 5534 5006 3331 6563 9770 6005 
9151 8711 8484 2627 3840 9308 2677 5052 9134 1883 
5505 3296 5636 6753 2355 9996 7655 6617 1433 9902 
6112 3515 2081 6849 6343 8000 4920 8315 5025 6564 
9025 1277 9705 4069 5295 3382 4712 1792 5731 4316 
